[{"id": 0, "img_name": "0", "width": 800, "height": 800, "position": [-0.174311488866806, 0.30191636085510254, 3.9847788810729985], "rotation": [[-0.8660253882408143, -0.4980973899364471, 0.04357787221670151], [-0.5000000596046448, 0.8627299070358275, -0.07547908276319505], [-6.4926420653343476e-18, -0.0871557369828224, -0.9961947202682496]], "fy": 1111.111111111111, "fx": 1111.111111111111}, {"id": 1, "img_name": "1", "width": 800, "height": 800, "position": [-0.2778986990451813, 0.21050009131431577, 3.984778881072997], "rotation": [[-0.6038043498992921, -0.7940992116928102, 0.06947468221187592], [-0.7971325516700746, 0.6015066504478455, -0.05262501165270805], [4.4215717406529666e-18, -0.08715573698282239, -0.9961947202682494]], "fy": 1111.111111111111, "fx": 1111.111111111111}, {"id": 2, "img_name": "2", "width": 800, "height": 800, "position": [-0.3378426134586335, 0.08602529764175415, 3.9847788810729985], "rotation": [[-0.24675735831260678, -0.9653896689414978, 0.08446064591407776], [-0.9690772891044617, 0.2458183765411377, -0.02150632068514824], [4.188380882744632e-18, -0.0871557369828224, -0.9961947202682496]], "fy": 1111.111111111111, "fx": 1111.111111111111}, {"id": 3, "img_name": "3", "width": 800, "height": 800, "position": [-0.34472915530204773, -0.05195955932140351, 3.9847788810729976], "rotation": [[0.1490422487258911, -0.9850680232048035, 0.08618228137493135], [-0.9888308048248292, -0.14847509562969208, 0.012989887036383154], [7.537936759334878e-19, -0.08715573698282242, -0.9961947202682496]], "fy": 1111.111111111111, "fx": 1111.111111111111}, {"id": 4, "img_name": "4", "width": 800, "height": 800, "position": [-0.2974767982959748, -0.18178428709506983, 3.9847788810729976], "rotation": [[0.5214352607727049, -0.8500438332557678, 0.07436919957399368], [-0.8532908558845519, -0.5194510221481322, 0.04544607549905776], [2.4350843374295265e-19, -0.08715573698282242, -0.9961947202682494]], "fy": 1111.111111111111, "fx": 1111.111111111111}, {"id": 5, "img_name": "5", "width": 800, "height": 800, "position": [-0.2035064548254013, -0.2830602526664734, 3.9847788810729976], "rotation": [[0.8119379878044128, -0.5815223455429078, 0.05087661370635033], [-0.583743691444397, -0.8088483214378358, 0.07076505571603775], [-6.434329037876648e-19, -0.08715573698282242, -0.9961947202682494]], "fy": 1111.111111111111, "fx": 1111.111111111111}, {"id": 6, "img_name": "6", "width": 800, "height": 800, "position": [-0.07757590711116791, -0.3398822546005249, 3.9847788810729976], "rotation": [[0.9749279022216796, -0.22167417407035825, 0.019393976777791977], [-0.22252093255519864, -0.9712179899215698, 0.08497056365013123], [4.239508861373579e-18, -0.0871557369828224, -0.9961947202682494]], "fy": 1111.111111111111, "fx": 1111.111111111111}, {"id": 7, "img_name": "7", "width": 800, "height": 800, "position": [0.06053774431347848, -0.343326598405838, 3.9847788810729994], "rotation": [[0.9848077297210693, 0.17298738658428192, -0.015134435147047043], [0.17364817857742307, -0.9810602664947509, 0.08583164960145949], [-3.2344546145427324e-18, -0.08715573698282242, -0.9961947202682496]], "fy": 1111.111111111111, "fx": 1111.111111111111}, {"id": 8, "img_name": "8", "width": 800, "height": 800, "position": [0.18914408981800082, -0.29285234212875366, 3.9847788810729976], "rotation": [[0.8400259017944336, 0.5404817461967468, -0.047286022454500205], [0.542546272277832, -0.8368293642997742, 0.07321307808160782], [8.368737206843309e-18, -0.08715573698282242, -0.9961947202682494]], "fy": 1111.111111111111, "fx": 1111.111111111111}, {"id": 9, "img_name": "9", "width": 800, "height": 800, "position": [0.28804582357406605, -0.19638630747795108, 3.9847788810729976], "rotation": [[0.56332004070282, 0.8230947256088258, -0.07201145589351651], [0.8262388110160829, -0.5611764192581177, 0.04909657686948777], [-6.943906028718559e-18, -0.08715573698282242, -0.9961947202682494]], "fy": 1111.111111111111, "fx": 1111.111111111111}, {"id": 10, "img_name": "10", "width": 800, "height": 800, "position": [0.34171065688133245, -0.06907829642295837, 3.9847788810729985], "rotation": [[0.19814613461494446, 0.9764426350593568, -0.08542765676975252], [0.9801725149154662, -0.19739212095737457, 0.017269572243094444], [-3.094818092277504e-18, -0.08715573698282243, -0.9961947202682496]], "fy": 1111.111111111111, "fx": 1111.111111111111}, {"id": 11, "img_name": "11", "width": 800, "height": 800, "position": [0.3417106568813325, 0.06907829642295839, 3.9847788810729985], "rotation": [[-0.19814608991146093, 0.9764426350593568, -0.08542765676975253], [0.9801725149154664, 0.19739209115505219, -0.0172695703804493], [-7.663264946291114e-19, -0.08715573698282242, -0.9961947202682496]], "fy": 1111.111111111111, "fx": 1111.111111111111}, {"id": 12, "img_name": "12", "width": 800, "height": 800, "position": [0.28804582357406616, 0.19638630747795105, 3.9847788810729976], "rotation": [[-0.5633200407028198, 0.8230946660041809, -0.07201144844293596], [0.826238751411438, 0.5611764788627625, -0.04909657686948776], [-2.522043504948352e-18, -0.08715573698282242, -0.9961947202682494]], "fy": 1111.111111111111, "fx": 1111.111111111111}, {"id": 13, "img_name": "13", "width": 800, "height": 800, "position": [0.18914408981800077, 0.29285234212875366, 3.984778881072997], "rotation": [[-0.8400259613990784, 0.5404816269874573, -0.0472860150039196], [0.5425462126731873, 0.836829423904419, -0.07321308553218843], [-1.1153644527453407e-17, -0.08715573698282242, -0.9961947202682494]], "fy": 1111.111111111111, "fx": 1111.111111111111}, {"id": 14, "img_name": "14", "width": 800, "height": 800, "position": [0.060537744313478484, 0.34332659840583807, 3.9847788810729994], "rotation": [[-0.9848077297210693, 0.17298750579357147, -0.015134445391595365], [0.17364829778671265, 0.9810602664947511, -0.08583164960145952], [-1.0756331832639579e-18, -0.08715573698282243, -0.9961947202682496]], "fy": 1111.111111111111, "fx": 1111.111111111111}, {"id": 15, "img_name": "15", "width": 800, "height": 800, "position": [-0.620587110519409, 1.0748884677886958, 3.802563190460205], "rotation": [[-0.8660253882408142, -0.4753204286098479, 0.15514680743217465], [-0.5000000596046447, 0.8232790231704711, -0.268722116947174], [-1.473449945960569e-17, -0.31029358506202687, -0.9506407976150513]], "fy": 1111.111111111111, "fx": 1111.111111111111}, {"id": 16, "img_name": "16", "width": 800, "height": 800, "position": [-0.9893803596496583, 0.7494264841079713, 3.802563190460205], "rotation": [[-0.6038043498992919, -0.7577867507934571, 0.2473451197147369], [-0.7971325516700745, 0.5740010142326356, -0.18735660612583163], [2.9120800340912475e-18, -0.310293585062027, -0.9506407976150513]], "fy": 1111.111111111111, "fx": 1111.111111111111}, {"id": 17, "img_name": "17", "width": 800, "height": 800, "position": [-1.2027938365936282, 0.30626893043518055, 3.802563190460205], "rotation": [[-0.24675735831260678, -0.9212443828582764, 0.30069845914840704], [-0.9690772891044616, 0.23457761108875266, -0.07656722515821456], [5.0280475510335086e-18, -0.310293585062027, -0.9506407976150515]], "fy": 1111.111111111111, "fx": 1111.111111111111}, {"id": 18, "img_name": "18", "width": 800, "height": 800, "position": [-1.227311372756958, -0.1849874258041382, 3.802563190460205], "rotation": [[0.1490422487258911, -0.940022885799408, 0.3068278431892395], [-0.9888308048248292, -0.14168563485145572, 0.046246852725744254], [4.266360071744215e-18, -0.310293585062027, -0.9506407976150512]], "fy": 1111.111111111111, "fx": 1111.111111111111}, {"id": 19, "img_name": "19", "width": 800, "height": 800, "position": [-1.059082627296448, -0.6471919417381286, 3.802563190460205], "rotation": [[0.5214352607727049, -0.8111730813980104, 0.26477068662643427], [-0.8532908558845519, -0.4956975877285003, 0.16179800033569333], [-4.3205996579814944e-18, -0.310293585062027, -0.9506407976150513]], "fy": 1111.111111111111, "fx": 1111.111111111111}, {"id": 20, "img_name": "20", "width": 800, "height": 800, "position": [-0.7245275974273682, -1.0077565908432007, 3.802563190460205], "rotation": [[0.8119379878044128, -0.554930567741394, 0.1811319142580032], [-0.583743691444397, -0.7718613743782043, 0.25193914771080017], [-2.5430392955734554e-17, -0.310293585062027, -0.9506407976150513]], "fy": 1111.111111111111, "fx": 1111.111111111111}, {"id": 21, "img_name": "21", "width": 800, "height": 800, "position": [-0.27618727087974554, -1.2100554704666138, 3.8025631904602046], "rotation": [[0.9749279022216797, -0.21153748035430908, 0.06904681771993638], [-0.22252093255519872, -0.9268062114715576, 0.30251386761665344], [-1.3123989312490926e-17, -0.31029358506202703, -0.9506407976150512]], "fy": 1111.111111111111, "fx": 1111.111111111111}, {"id": 22, "img_name": "22", "width": 800, "height": 800, "position": [0.2155276536941528, -1.2223180532455447, 3.802563190460205], "rotation": [[0.9848077297210693, 0.1650770306587219, -0.0538819134235382], [0.17364817857742307, -0.9361984133720398, 0.30557951331138616], [1.1085822555602982e-17, -0.31029358506202703, -0.9506407976150513]], "fy": 1111.111111111111, "fx": 1111.111111111111}, {"id": 23, "img_name": "23", "width": 800, "height": 800, "position": [0.6733944416046141, -1.0426185131072998, 3.802563190460205], "rotation": [[0.8400259017944335, 0.5157666206359862, -0.16834862530231473], [0.542546272277832, -0.7985628843307496, 0.2606546580791473], [1.390628352781634e-17, -0.31029358506202703, -0.9506407976150513]], "fy": 1111.111111111111, "fx": 1111.111111111111}, {"id": 24, "img_name": "24", "width": 800, "height": 800, "position": [1.0255062580108645, -0.6991783380508424, 3.802563190460205], "rotation": [[0.5633200407028199, 0.7854562997817991, -0.25637659430503845], [0.8262388110160829, -0.5355150103569032, 0.1747945994138718], [-6.468491770230626e-18, -0.31029358506202703, -0.9506407976150513]], "fy": 1111.111111111111, "fx": 1111.111111111111}, {"id": 25, "img_name": "25", "width": 800, "height": 800, "position": [1.2165648937225344, -0.24593389034271246, 3.802563190460205], "rotation": [[0.1981461346149445, 0.9317919611930847, -0.3041412234306336], [0.9801725149154664, -0.18836578726768496, 0.061483472585678114], [4.819183646576171e-18, -0.310293585062027, -0.9506407976150513]], "fy": 1111.111111111111, "fx": 1111.111111111111}, {"id": 26, "img_name": "26", "width": 800, "height": 800, "position": [1.216564893722534, 0.24593389034271235, 3.802563190460205], "rotation": [[-0.1981460899114609, 0.9317919611930847, -0.3041412234306336], [0.9801725149154662, 0.18836575746536252, -0.0614834614098072], [-6.730646526165242e-18, -0.3102935850620269, -0.9506407976150513]], "fy": 1111.111111111111, "fx": 1111.111111111111}, {"id": 27, "img_name": "27", "width": 800, "height": 800, "position": [1.0255062580108643, 0.6991783380508421, 3.802563190460204], "rotation": [[-0.5633200407028198, 0.7854562401771545, -0.2563765943050385], [0.826238751411438, 0.5355150103569031, -0.1747945994138717], [-2.542136487709238e-17, -0.3102935850620269, -0.9506407976150513]], "fy": 1111.111111111111, "fx": 1111.111111111111}, {"id": 28, "img_name": "28", "width": 800, "height": 800, "position": [0.6733944416046141, 1.0426185131072998, 3.8025631904602046], "rotation": [[-0.8400259613990784, 0.5157665610313416, -0.16834861040115356], [0.5425462126731873, 0.7985629439353943, -0.2606546580791474], [1.280747184509423e-17, -0.310293585062027, -0.9506407976150512]], "fy": 1111.111111111111, "fx": 1111.111111111111}, {"id": 29, "img_name": "29", "width": 800, "height": 800, "position": [0.2155276536941529, 1.2223180532455444, 3.802563190460205], "rotation": [[-0.9848077297210693, 0.16507714986801147, -0.053881950676441207], [0.17364829778671262, 0.9361984133720397, -0.3055795133113861], [-3.1530849837216043e-18, -0.3102935850620271, -0.9506407976150513]], "fy": 1111.111111111111, "fx": 1111.111111111111}, {"id": 30, "img_name": "30", "width": 800, "height": 800, "position": [-1.0346755981445315, 1.7921108007431032, 3.423125028610229], "rotation": [[-0.8660253882408142, -0.4278906881809234, 0.2586689293384552], [-0.5000000596046447, 0.7411283254623412, -0.4480276703834534], [3.066756059292277e-17, -0.5173377990722656, -0.8557812571525573]], "fy": 1111.111111111111, "fx": 1111.111111111111}, {"id": 31, "img_name": "31", "width": 800, "height": 800, "position": [-1.6495471000671387, 1.2494834661483762, 3.423125028610229], "rotation": [[-0.603804349899292, -0.6821711063385011, 0.4123868048191071], [-0.7971325516700745, 0.5167244672775269, -0.31237080693244934], [-3.2919359664384073e-18, -0.5173377990722656, -0.8557812571525573]], "fy": 1111.111111111111, "fx": 1111.111111111111}, {"id": 32, "img_name": "32", "width": 800, "height": 800, "position": [-2.0053613185882573, 0.5106277465820314, 3.42312502861023], "rotation": [[-0.2467573583126068, -0.8293182253837585, 0.5013403296470642], [-0.9690772891044617, 0.2111703306436539, -0.12765690684318545], [-1.6196817942162318e-17, -0.5173377990722656, -0.8557812571525573]], "fy": 1111.111111111111, "fx": 1111.111111111111}, {"id": 33, "img_name": "33", "width": 800, "height": 800, "position": [-2.0462384223937993, -0.3084208071231843, 3.423125028610229], "rotation": [[0.1490422487258911, -0.8462229371070862, 0.5115595459938048], [-0.9888308048248292, -0.127547562122345, 0.07710518687963487], [1.1642420502071278e-17, -0.5173377990722656, -0.8557812571525573]], "fy": 1111.111111111111, "fx": 1111.111111111111}, {"id": 34, "img_name": "34", "width": 800, "height": 800, "position": [-1.7657585144042969, -1.07903254032135, 3.423125028610229], "rotation": [[0.521435260772705, -0.7302303314208982, 0.4414396286010741], [-0.8532908558845521, -0.4462345242500305, 0.2697581648826599], [-3.725457014113442e-18, -0.5173377990722655, -0.8557812571525573]], "fy": 1111.111111111111, "fx": 1111.111111111111}, {"id": 35, "img_name": "35", "width": 800, "height": 800, "position": [-1.20797073841095, -1.6801849603652954, 3.423125028610231], "rotation": [[0.811937987804413, -0.4995569288730621, 0.30199268460273737], [-0.5837436914443969, -0.6948413252830505, 0.42004621028900135], [1.1104329436461302e-18, -0.5173377990722656, -0.8557812571525575]], "fy": 1111.111111111111, "fx": 1111.111111111111}, {"id": 36, "img_name": "36", "width": 800, "height": 800, "position": [-0.4604739844799041, -2.017468214035034, 3.4231250286102286], "rotation": [[0.9749279022216798, -0.1904292553663254, 0.11511848866939546], [-0.22252093255519875, -0.8343250751495361, 0.5043670535087587], [-1.7577368156322033e-17, -0.5173377990722656, -0.8557812571525572]], "fy": 1111.111111111111, "fx": 1111.111111111111}, {"id": 37, "img_name": "37", "width": 800, "height": 800, "position": [0.3593390882015229, -2.037913084030152, 3.423125028610229], "rotation": [[0.9848077297210693, 0.1486048549413681, -0.08983476459980011], [0.17364817857742307, -0.8427800536155702, 0.509478271007538], [-9.594098840845062e-18, -0.5173377990722656, -0.8557812571525573]], "fy": 1111.111111111111, "fx": 1111.111111111111}, {"id": 38, "img_name": "38", "width": 800, "height": 800, "position": [1.1227188110351562, -1.7383086681365962, 3.423125028610229], "rotation": [[0.8400259017944336, 0.46430096030235285, -0.28067970275878906], [0.5425462722778319, -0.718878448009491, 0.43457716703414906], [1.9662272723314473e-17, -0.5173377990722656, -0.8557812571525573]], "fy": 1111.111111111111, "fx": 1111.111111111111}, {"id": 39, "img_name": "39", "width": 800, "height": 800, "position": [1.709778189659119, -1.1657071113586424, 3.423125028610229], "rotation": [[0.5633200407028199, 0.7070797085762025, -0.4274445474147796], [0.8262388110160827, -0.48207876086235035, 0.29142674803733826], [-5.1873756551552645e-17, -0.5173377990722656, -0.8557812571525573]], "fy": 1111.111111111111, "fx": 1111.111111111111}, {"id": 40, "img_name": "40", "width": 800, "height": 800, "position": [2.0283212661743164, -0.41003397107124334, 3.42312502861023], "rotation": [[0.1981461346149445, 0.8388132452964782, -0.5070802569389344], [0.9801725149154664, -0.16956974565982816, 0.10250848531723022], [1.3632506510212616e-17, -0.5173377990722656, -0.8557812571525575]], "fy": 1111.111111111111, "fx": 1111.111111111111}, {"id": 41, "img_name": "41", "width": 800, "height": 800, "position": [2.0283212661743164, 0.4100339710712434, 3.4231250286102295], "rotation": [[-0.1981460899114609, 0.8388133049011229, -0.5070802569389344], [0.9801725149154664, 0.16956971585750583, -0.10250846296548846], [3.686580208986726e-18, -0.5173377990722656, -0.8557812571525575]], "fy": 1111.111111111111, "fx": 1111.111111111111}, {"id": 42, "img_name": "42", "width": 800, "height": 800, "position": [1.7097781896591187, 1.1657071113586424, 3.423125028610229], "rotation": [[-0.5633200407028198, 0.7070796489715576, -0.42744454741477966], [0.826238751411438, 0.4820787608623504, -0.2914267778396606], [-4.588691606849929e-17, -0.5173377990722655, -0.8557812571525573]], "fy": 1111.111111111111, "fx": 1111.111111111111}, {"id": 43, "img_name": "43", "width": 800, "height": 800, "position": [1.1227188110351562, 1.7383086681365965, 3.4231250286102286], "rotation": [[-0.8400259613990786, 0.4643009006977081, -0.2806796729564667], [0.5425462126731871, 0.7188785076141357, -0.43457716703414917], [7.931007044606813e-17, -0.5173377990722655, -0.8557812571525575]], "fy": 1111.111111111111, "fx": 1111.111111111111}, {"id": 44, "img_name": "44", "width": 800, "height": 800, "position": [0.3593390882015228, 2.0379130840301514, 3.42312502861023], "rotation": [[-0.9848077297210694, 0.1486049592494965, -0.08983482420444489], [0.17364829778671262, 0.8427799940109254, -0.5094782710075377], [8.10082482699125e-18, -0.5173377990722656, -0.8557812571525575]], "fy": 1111.111111111111, "fx": 1111.111111111111}, {"id": 45, "img_name": "45", "width": 800, "height": 800, "position": [-1.395099997520447, 2.4163839817047124, 2.8661444187164316], "rotation": [[-0.8660253882408142, -0.35826808214187617, 0.3487750291824341], [-0.5000000596046448, 0.6205384731292723, -0.604095995426178], [-2.784514689791858e-17, -0.6975499987602233, -0.7165361046791076]], "fy": 1111.111111111111, "fx": 1111.111111111111}, {"id": 46, "img_name": "46", "width": 800, "height": 800, "position": [-2.2241592407226567, 1.6847350597381592, 2.8661444187164316], "rotation": [[-0.6038043498992921, -0.5711742639541627, 0.5560398101806641], [-0.7971325516700744, 0.4326476156711579, -0.42118370532989496], [-3.342666822990744e-17, -0.6975499987602233, -0.7165361046791076]], "fy": 1111.111111111111, "fx": 1111.111111111111}, {"id": 47, "img_name": "47", "width": 800, "height": 800, "position": [-2.703919410705566, 0.6885024905204774, 2.8661444187164316], "rotation": [[-0.24675735831260678, -0.6943789124488831, 0.6759798526763916], [-0.9690772891044617, 0.17681056261062622, -0.172125592827797], [2.2536943088424194e-17, -0.6975499987602234, -0.7165361046791078]], "fy": 1111.111111111111, "fx": 1111.111111111111}, {"id": 48, "img_name": "48", "width": 800, "height": 800, "position": [-2.75903582572937, -0.41585773229599, 2.8661444187164307], "rotation": [[0.1490422487258911, -0.7085329890251157, 0.6897589564323426], [-0.9888308048248292, -0.10679414868354795, 0.10396441817283633], [1.2448362679157756e-17, -0.6975499987602235, -0.7165361046791078]], "fy": 1111.111111111111, "fx": 1111.111111111111}, {"id": 49, "img_name": "49", "width": 800, "height": 800, "position": [-2.380852222442627, -1.4549084901809692, 2.86614441871643], "rotation": [[0.521435260772705, -0.6114137172698975, 0.5952130556106568], [-0.8532908558845519, -0.37362718582153326, 0.3637271523475647], [4.3879431324541755e-17, -0.6975499987602235, -0.7165361046791078]], "fy": 1111.111111111111, "fx": 1111.111111111111}, {"id": 50, "img_name": "50", "width": 800, "height": 800, "position": [-1.6287616491317751, -2.2654693126678462, 2.8661444187164316], "rotation": [[0.8119379878044128, -0.4182734489440917, 0.4071904122829438], [-0.583743691444397, -0.5817828774452207, 0.5663673281669616], [4.127836871508183e-17, -0.6975499987602234, -0.7165361046791079]], "fy": 1111.111111111111, "fx": 1111.111111111111}, {"id": 51, "img_name": "51", "width": 800, "height": 800, "position": [-0.6208779215812683, -2.7202439308166504, 2.8661444187164307], "rotation": [[0.9749279022216797, -0.15944428741931915, 0.15521948039531708], [-0.22252093255519867, -0.6985710859298706, 0.6800609827041626], [1.1744145442021263e-17, -0.6975499987602234, -0.7165361046791077]], "fy": 1111.111111111111, "fx": 1111.111111111111}, {"id": 52, "img_name": "52", "width": 800, "height": 800, "position": [0.484513133764267, -2.7478106021881112, 2.8661444187164307], "rotation": [[0.9848077297210692, 0.12442518770694734, -0.12112828344106676], [0.17364817857742307, -0.7056503295898439, 0.6869526505470278], [-9.053586078310764e-18, -0.6975499987602234, -0.7165361046791077]], "fy": 1111.111111111111, "fx": 1111.111111111111}, {"id": 53, "img_name": "53", "width": 800, "height": 800, "position": [1.5138125419616697, -2.3438403606414795, 2.86614441871643], "rotation": [[0.8400259017944335, 0.38875401020050043, -0.3784531652927399], [0.5425462722778319, -0.6019089221954345, 0.58596009016037], [-7.056725380951917e-17, -0.6975499987602234, -0.7165361046791078]], "fy": 1111.111111111111, "fx": 1111.111111111111}, {"id": 54, "img_name": "54", "width": 800, "height": 800, "position": [2.305371522903443, -1.571775674819946, 2.8661444187164307], "rotation": [[0.5633200407028198, 0.5920299291610719, -0.5763428807258607], [0.8262388110160827, -0.403639167547226, 0.39294388890266413], [-5.544371601852529e-17, -0.6975499987602234, -0.7165361046791077]], "fy": 1111.111111111111, "fx": 1111.111111111111}, {"id": 55, "img_name": "55", "width": 800, "height": 800, "position": [2.734877347946167, -0.5528673529624939, 2.86614441871643], "rotation": [[0.19814613461494446, 0.7023289799690247, -0.6837193369865419], [0.9801725149154662, -0.14197885990142825, 0.13821682333946228], [-1.0466160337557373e-17, -0.6975499987602235, -0.7165361046791078]], "fy": 1111.111111111111, "fx": 1111.111111111111}, {"id": 56, "img_name": "56", "width": 800, "height": 800, "position": [2.734877347946167, 0.5528673529624939, 2.86614441871643], "rotation": [[-0.19814608991146085, 0.7023289799690247, -0.6837193369865417], [0.9801725149154662, 0.14197883009910583, -0.13821680843830111], [-1.9721075290527395e-17, -0.6975499987602234, -0.7165361046791077]], "fy": 1111.111111111111, "fx": 1111.111111111111}, {"id": 57, "img_name": "57", "width": 800, "height": 800, "position": [2.3053715229034424, 1.571775674819946, 2.8661444187164298], "rotation": [[-0.5633200407028198, 0.5920299291610718, -0.5763428211212158], [0.826238751411438, 0.40363916754722595, -0.3929439187049866], [3.350688226517795e-17, -0.6975499987602233, -0.7165361046791077]], "fy": 1111.111111111111, "fx": 1111.111111111111}, {"id": 58, "img_name": "58", "width": 800, "height": 800, "position": [1.51381254196167, 2.3438403606414795, 2.866144418716431], "rotation": [[-0.8400259613990783, 0.38875395059585566, -0.3784531056880951], [0.5425462126731873, 0.6019089221954345, -0.5859600901603699], [1.1987446946677386e-16, -0.6975499987602234, -0.7165361046791077]], "fy": 1111.111111111111, "fx": 1111.111111111111}, {"id": 59, "img_name": "59", "width": 800, "height": 800, "position": [0.48451313376426697, 2.747810602188111, 2.8661444187164307], "rotation": [[-0.9848077297210691, 0.12442527711391449, -0.12112836539745332], [0.17364829778671262, 0.7056503295898439, -0.6869526505470277], [-1.0772011845648817e-17, -0.6975499987602234, -0.7165361046791077]], "fy": 1111.111111111111, "fx": 1111.111111111111}, {"id": 60, "img_name": "60", "width": 800, "height": 800, "position": [-1.6831666231155398, 2.9153301715850835, 2.1605093479156494], "rotation": [[-0.8660253882408142, -0.2700636982917786, 0.42079168558120733], [-0.5000000596046447, 0.4677639901638032, -0.728832483291626], [3.6476030423532576e-17, -0.8415833115577699, -0.5401273369789124]], "fy": 1111.111111111111, "fx": 1111.111111111111}, {"id": 61, "img_name": "61", "width": 800, "height": 800, "position": [-2.683413743972778, 2.032606840133667, 2.16050934791565], "rotation": [[-0.6038043498992921, -0.4305531084537505, 0.6708534359931946], [-0.7971325516700746, 0.3261312246322632, -0.5081516504287719], [5.19033386241407e-17, -0.8415833115577697, -0.5401273369789125]], "fy": 1111.111111111111, "fx": 1111.111111111111}, {"id": 62, "img_name": "62", "width": 800, "height": 800, "position": [-3.2622370719909672, 0.8306676149368286, 2.1605093479156494], "rotation": [[-0.24675735831260678, -0.5234251618385314, 0.8155592679977418], [-0.9690772891044617, 0.13328039646148682, -0.20766687393188477], [-8.465891305323032e-18, -0.8415833115577697, -0.5401273369789124]], "fy": 1111.111111111111, "fx": 1111.111111111111}, {"id": 63, "img_name": "63", "width": 800, "height": 800, "position": [-3.328734159469604, -0.5017259120941163, 2.16050934791565], "rotation": [[0.14904224872589106, -0.5340945720672607, 0.8321834802627561], [-0.9888308048248292, -0.08050179481506349, 0.1254314631223679], [-1.7718823924026626e-17, -0.8415833115577697, -0.5401273369789125]], "fy": 1111.111111111111, "fx": 1111.111111111111}, {"id": 64, "img_name": "64", "width": 800, "height": 800, "position": [-2.8724615573883057, -1.755324602127075, 2.1605093479156494], "rotation": [[0.521435260772705, -0.4608857333660128, 0.7181153297424316], [-0.8532908558845519, -0.28164142370224, 0.43883118033409113], [1.4162405078143924e-17, -0.8415833115577699, -0.5401273369789124]], "fy": 1111.111111111111, "fx": 1111.111111111111}, {"id": 65, "img_name": "65", "width": 800, "height": 800, "position": [-1.9650757312774656, -2.7332539558410645, 2.1605093479156485], "rotation": [[0.8119379878044127, -0.3152959346771239, 0.4912689328193664], [-0.5837436914443969, -0.4385499060153959, 0.6833134293556214], [-3.510249199187519e-17, -0.8415833115577697, -0.5401273369789121]], "fy": 1111.111111111111, "fx": 1111.111111111111}, {"id": 66, "img_name": "66", "width": 800, "height": 800, "position": [-0.7490795850753784, -3.281932115554809, 2.1605093479156494], "rotation": [[0.9749279022216798, -0.12018964439630508, 0.1872698962688446], [-0.22252093255519872, -0.5265852212905884, 0.8204830288887023], [1.0569899798423788e-17, -0.8415833115577697, -0.5401273369789124]], "fy": 1111.111111111111, "fx": 1111.111111111111}, {"id": 67, "img_name": "67", "width": 800, "height": 800, "position": [0.5845576524734498, -3.3151910305023193, 2.1605093479156494], "rotation": [[0.9848077297210694, 0.09379212558269502, -0.14613939821720126], [0.17364817857742307, -0.5319216251373291, 0.8287977576255798], [1.5236665345018768e-17, -0.8415833115577699, -0.5401273369789124]], "fy": 1111.111111111111, "fx": 1111.111111111111}, {"id": 68, "img_name": "68", "width": 800, "height": 800, "position": [1.8263914585113525, -2.8278071880340576, 2.1605093479156494], "rotation": [[0.8400259017944336, 0.29304409027099615, -0.4565978944301605], [0.542546272277832, -0.4537209570407869, 0.7069517970085144], [2.8624822373585743e-18, -0.8415833115577699, -0.5401273369789124]], "fy": 1111.111111111111, "fx": 1111.111111111111}, {"id": 69, "img_name": "69", "width": 800, "height": 800, "position": [2.7813949584960933, -1.8963229656219485, 2.160509347915649], "rotation": [[0.5633200407028199, 0.44627416133880615, -0.6953487396240233], [0.8262388110160829, -0.3042645752429962, 0.4740807414054871], [-3.697556488987885e-17, -0.8415833115577697, -0.5401273369789122]], "fy": 1111.111111111111, "fx": 1111.111111111111}, {"id": 70, "img_name": "70", "width": 800, "height": 800, "position": [3.2995872497558594, -0.667025923728943, 2.16050934791565], "rotation": [[0.19814613461494446, 0.5294179916381837, -0.8248968124389646], [0.9801725149154664, -0.10702414065599444, 0.16675646603107455], [1.487195674408919e-17, -0.8415833115577699, -0.5401273369789125]], "fy": 1111.111111111111, "fx": 1111.111111111111}, {"id": 71, "img_name": "71", "width": 800, "height": 800, "position": [3.2995872497558585, 0.667025923728943, 2.16050934791565], "rotation": [[-0.1981460899114609, 0.5294179916381836, -0.8248968124389646], [0.9801725149154664, 0.10702412575483324, -0.16675645112991336], [-1.3885700342971814e-17, -0.8415833115577697, -0.5401273369789125]], "fy": 1111.111111111111, "fx": 1111.111111111111}, {"id": 72, "img_name": "72", "width": 800, "height": 800, "position": [2.781394958496094, 1.896322965621948, 2.1605093479156494], "rotation": [[-0.5633200407028198, 0.44627416133880615, -0.6953487396240234], [0.826238751411438, 0.3042645752429962, -0.47408077120780945], [-3.25779762957132e-17, -0.8415833115577697, -0.5401273369789124]], "fy": 1111.111111111111, "fx": 1111.111111111111}, {"id": 73, "img_name": "73", "width": 800, "height": 800, "position": [1.8263914585113528, 2.8278071880340576, 2.1605093479156494], "rotation": [[-0.8400259613990784, 0.2930440604686737, -0.4565978348255158], [0.5425462126731873, 0.45372098684310924, -0.7069517970085145], [-6.2139492376410625e-18, -0.8415833115577699, -0.5401273369789124]], "fy": 1111.111111111111, "fx": 1111.111111111111}, {"id": 74, "img_name": "74", "width": 800, "height": 800, "position": [0.5845576524734497, 3.31519103050232, 2.1605093479156494], "rotation": [[-0.9848077297210692, 0.09379219263792037, -0.14613950252532956], [0.1736482977867126, 0.5319215655326843, -0.82879775762558], [-1.953409271941994e-18, -0.8415833115577697, -0.5401273369789124]], "fy": 1111.111111111111, "fx": 1111.111111111111}, {"id": 75, "img_name": "75", "width": 800, "height": 800, "position": [-1.8839347362518313, 3.2630705833435063, 1.342818021774292], "rotation": [[-0.8660253882408142, -0.1678522825241089, 0.47098371386528015], [-0.5000000596046448, 0.29072862863540655, -0.8157676458358766], [1.7109702998099293e-18, -0.9419673681259155, -0.3357045352458954]], "fy": 1111.111111111111, "fx": 1111.111111111111}, {"id": 76, "img_name": "76", "width": 800, "height": 800, "position": [-3.0034911632537837, 2.275056123733521, 1.342818021774292], "rotation": [[-0.603804349899292, -0.26760101318359375, 0.7508728504180907], [-0.7971325516700745, 0.20269984006881717, -0.5687639713287355], [1.4437288089202033e-17, -0.9419673681259155, -0.3357045352458954]], "fy": 1111.111111111111, "fx": 1111.111111111111}, {"id": 77, "img_name": "77", "width": 800, "height": 800, "position": [-3.6513566970825195, 0.929749667644501, 1.342818021774292], "rotation": [[-0.24675735831260676, -0.3253236413002014, 0.9128391742706297], [-0.9690772891044617, 0.08283755928277972, -0.23243737220764166], [1.6650820330601378e-17, -0.9419673681259155, -0.3357045352458954]], "fy": 1111.111111111111, "fx": 1111.111111111111}, {"id": 78, "img_name": "78", "width": 800, "height": 800, "position": [-3.7257854938507076, -0.5615717768669128, 1.342818021774292], "rotation": [[0.1490422487258911, -0.3319549858570099, 0.9314463734626769], [-0.9888308048248292, -0.050034154206514365, 0.14039292931556704], [-3.602270489664617e-18, -0.9419673681259155, -0.3357045352458954]], "fy": 1111.111111111111, "fx": 1111.111111111111}, {"id": 79, "img_name": "79", "width": 800, "height": 800, "position": [-3.2150886058807364, -1.9646997451782227, 1.3428180217742918], "rotation": [[0.5214352607727051, -0.2864536046981811, 0.8037721514701843], [-0.8532908558845521, -0.17504817247390747, 0.49117496609687805], [1.0990790403828544e-18, -0.9419673681259155, -0.3357045352458954]], "fy": 1111.111111111111, "fx": 1111.111111111111}, {"id": 80, "img_name": "80", "width": 800, "height": 800, "position": [-2.199469804763794, -3.0592763423919678, 1.3428180217742918], "rotation": [[0.8119379878044128, -0.19596539437770844, 0.5498675107955933], [-0.583743691444397, -0.27257126569747925, 0.7648190855979919], [-2.5250020412977444e-17, -0.9419673681259155, -0.3357045352458954]], "fy": 1111.111111111111, "fx": 1111.111111111111}, {"id": 81, "img_name": "81", "width": 800, "height": 800, "position": [-0.8384298086166382, -3.6734011173248287, 1.342818021774292], "rotation": [[0.9749279022216797, -0.07470128685235977, 0.20960745215415957], [-0.22252093255519872, -0.3272877037525177, 0.9183502793312072], [3.2789966637731802e-18, -0.9419673681259155, -0.3357045352458954]], "fy": 1111.111111111111, "fx": 1111.111111111111}, {"id": 82, "img_name": "82", "width": 800, "height": 800, "position": [0.6542836427688598, -3.7106270790100098, 1.3428180217742918], "rotation": [[0.9848077297210693, 0.05829447880387305, -0.16357091069221494], [0.17364817857742307, -0.33060443401336664, 0.9276567697525024], [7.36251099985453e-18, -0.9419673681259155, -0.3357045352458954]], "fy": 1111.111111111111, "fx": 1111.111111111111}, {"id": 83, "img_name": "83", "width": 800, "height": 800, "position": [2.044243574142456, -3.165107965469361, 1.3428180217742918], "rotation": [[0.8400259017944335, 0.18213523924350736, -0.511060893535614], [0.542546272277832, -0.2820005118846892, 0.7912769913673401], [-1.9601217580356275e-17, -0.9419673681259153, -0.33570453524589533]], "fy": 1111.111111111111, "fx": 1111.111111111111}, {"id": 84, "img_name": "84", "width": 800, "height": 800, "position": [3.113159894943238, -2.122516393661499, 1.3428180217742918], "rotation": [[0.5633200407028198, 0.27737209200859075, -0.7782899737358093], [0.8262388110160827, -0.18910908699035642, 0.5306290984153746], [8.931162778294907e-19, -0.9419673681259155, -0.3357045352458954]], "fy": 1111.111111111111, "fx": 1111.111111111111}, {"id": 85, "img_name": "85", "width": 800, "height": 800, "position": [3.6931619644165044, -0.7465887665748596, 1.3428180217742918], "rotation": [[0.19814613461494446, 0.3290483355522156, -0.923290491104126], [0.9801725149154662, -0.06651855260133743, 0.1866471767425537], [-1.9327267265017543e-18, -0.9419673681259155, -0.3357045352458954]], "fy": 1111.111111111111, "fx": 1111.111111111111}, {"id": 86, "img_name": "86", "width": 800, "height": 800, "position": [3.693161964416504, 0.7465887665748597, 1.342818021774292], "rotation": [[-0.1981460899114609, 0.3290483355522156, -0.923290491104126], [0.9801725149154664, 0.06651854515075686, -0.18664714694023135], [-6.204948311606851e-18, -0.9419673681259155, -0.3357045352458954]], "fy": 1111.111111111111, "fx": 1111.111111111111}, {"id": 87, "img_name": "87", "width": 800, "height": 800, "position": [3.1131598949432373, 2.1225163936614995, 1.3428180217742918], "rotation": [[-0.5633200407028199, 0.2773720920085907, -0.7782899141311646], [0.8262387514114381, 0.18910910189151764, -0.5306290984153748], [1.3218022466493514e-17, -0.9419673681259155, -0.3357045352458954]], "fy": 1111.111111111111, "fx": 1111.111111111111}, {"id": 88, "img_name": "88", "width": 800, "height": 800, "position": [2.0442435741424565, 3.16510796546936, 1.3428180217742918], "rotation": [[-0.8400259613990785, 0.1821352243423462, -0.5110608339309692], [0.5425462126731871, 0.2820005118846893, -0.79127699136734], [-2.5191384717731667e-17, -0.9419673681259155, -0.3357045352458954]], "fy": 1111.111111111111, "fx": 1111.111111111111}, {"id": 89, "img_name": "89", "width": 800, "height": 800, "position": [0.6542836427688598, 3.71062707901001, 1.342818021774292], "rotation": [[-0.9848077297210693, 0.05829451605677603, -0.1635710150003433], [0.17364829778671265, 0.33060440421104426, -0.9276567101478576], [-5.071873712692574e-18, -0.9419673681259155, -0.3357045352458954]], "fy": 1111.111111111111, "fx": 1111.111111111111}, {"id": 90, "img_name": "90", "width": 800, "height": 800, "position": [-1.9869912862777714, 3.4415698051452646, 0.4554806053638458], "rotation": [[-0.8660253882408142, -0.056935090571641936, 0.49674785137176525], [-0.5000000596046449, 0.0986144542694092, -0.860392451286316], [1.0934666016664495e-17, -0.9934956431388855, -0.11387016624212265]], "fy": 1111.111111111111, "fx": 1111.111111111111}, {"id": 91, "img_name": "91", "width": 800, "height": 800, "position": [-3.1677906513214125, 2.399508237838745, 0.4554806053638458], "rotation": [[-0.6038043498992922, -0.09076961874961856, 0.7919477224349976], [-0.7971325516700746, 0.06875529885292052, -0.5998769402503967], [-7.053734978229993e-18, -0.9934956431388855, -0.11387016624212265]], "fy": 1111.111111111111, "fx": 1111.111111111111}, {"id": 92, "img_name": "92", "width": 800, "height": 800, "position": [-3.8510961532592765, 0.9806095957756042, 0.4554806053638458], "rotation": [[-0.2467573583126068, -0.11034899950027466, 0.9627740383148194], [-0.9690772891044617, 0.028098301962018016, -0.24515235424041745], [1.5420399114341662e-18, -0.9934956431388855, -0.11387016624212265]], "fy": 1111.111111111111, "fx": 1111.111111111111}, {"id": 93, "img_name": "93", "width": 800, "height": 800, "position": [-3.9295964241027828, -0.5922913551330565, 0.45548060536384577], "rotation": [[0.14904224872589109, -0.11259833723306659, 0.9823991060256959], [-0.988830804824829, -0.016971465200185772, 0.1480728238821029], [7.683780179852165e-19, -0.9934956431388855, -0.11387016624212264]], "fy": 1111.111111111111, "fx": 1111.111111111111}, {"id": 94, "img_name": "94", "width": 800, "height": 800, "position": [-3.3909630775451656, -2.072174310684204, 0.4554806053638458], "rotation": [[0.521435260772705, -0.09716437757015227, 0.8477407693862917], [-0.8532908558845519, -0.05937591940164567, 0.5180436372756958], [1.2379441572041968e-18, -0.9934956431388855, -0.11387016624212265]], "fy": 1111.111111111111, "fx": 1111.111111111111}, {"id": 95, "img_name": "95", "width": 800, "height": 800, "position": [-2.3197872638702397, -3.2266275882720956, 0.4554806053638459], "rotation": [[0.8119379878044128, -0.06647099554538727, 0.5799468159675598], [-0.583743691444397, -0.09245551377534869, 0.806656837463379], [1.325311708224677e-17, -0.9934956431388855, -0.11387016624212266]], "fy": 1111.111111111111, "fx": 1111.111111111111}, {"id": 96, "img_name": "96", "width": 800, "height": 800, "position": [-0.884294331073761, -3.8743464946746826, 0.45548060536384577], "rotation": [[0.9749279022216797, -0.025338497012853622, 0.22107358276844022], [-0.22252093255519867, -0.11101520806550978, 0.9685866236686707], [-3.4038123262441585e-18, -0.9934956431388855, -0.11387016624212264]], "fy": 1111.111111111111, "fx": 1111.111111111111}, {"id": 97, "img_name": "97", "width": 800, "height": 800, "position": [0.6900748014450072, -3.91360878944397, 0.45548060536384577], "rotation": [[0.9848077297210692, 0.019773347303271287, -0.17251870036125183], [0.17364817857742304, -0.1121402233839035, 0.9784021973609924], [8.518829290513188e-19, -0.9934956431388855, -0.11387016624212264]], "fy": 1111.111111111111, "fx": 1111.111111111111}, {"id": 98, "img_name": "98", "width": 800, "height": 800, "position": [2.1560692787170406, -3.3382482528686515, 0.45548060536384577], "rotation": [[0.8400259017944336, 0.06177983805537223, -0.539017379283905], [0.5425462722778321, -0.09565389156341551, 0.8345620632171632], [3.0914733351653795e-18, -0.9934956431388855, -0.11387016624212264]], "fy": 1111.111111111111, "fx": 1111.111111111111}, {"id": 99, "img_name": "99", "width": 800, "height": 800, "position": [3.2834584712982173, -2.238624095916748, 0.4554806053638458], "rotation": [[0.5633200407028198, 0.09408394992351532, -0.8208646178245544], [0.8262388110160827, -0.06414534896612167, 0.559656023979187], [5.082053099991065e-18, -0.9934956431388855, -0.11387016624212265]], "fy": 1111.111111111111, "fx": 1111.111111111111}, {"id": 100, "img_name": "100", "width": 800, "height": 800, "position": [3.895188331604004, -0.7874293327331542, 0.45548060536384594], "rotation": [[0.19814613461494446, 0.11161240935325624, -0.973797082901001], [0.9801725149154662, -0.022562934085726738, 0.19685731828212735], [3.1146212995212025e-18, -0.9934956431388857, -0.11387016624212268]], "fy": 1111.111111111111, "fx": 1111.111111111111}, {"id": 101, "img_name": "101", "width": 800, "height": 800, "position": [3.895188331604004, 0.7874293327331542, 0.4554806053638458], "rotation": [[-0.1981460899114609, 0.11161240935325621, -0.9737970829010012], [0.980172514915